   000000000
  00       00
 00         00
00           00
00           00
00           00
00           00
00           00
 00         00
  00       00
   000000000

     1111
    11 11
  11   11
 11    11
       11
       11
       11
       11
       11
       11
111111111111111

    2222
  22    22
22        22
           22
         22 
       22
     22 
   22
 22
22
22222222222222

    33333
  33     33
33         33
             33
           33
        333
           33
             33
33         33
  33     33
    33333

        4444
      44  44
    44    44
  44      44 
44        44
444444444444444
          44
          44
          44
          44
          44

5555555555555555
55
55    
55   55555
55 55     55
55          55
              55
              55
55          55
  55      55
    555555

       66
      66
     66
    66
   666666666
  66       66
 66         66
66           66
 66         66
  66       66
   666666666

777777777777777
           77
          77
         77
        77
       77
      77
     77
    77
   77
  77

     8888
   88    88
 88        88
88          88 
  88      88
    888888
  88      88
88          88
 88        88
   88    88
     8888

   999999999
  99       99
 99         99
99           99
 99         99
  99       99
   999999999
         99
        99
       99
      99

         



